1.232500001788139343e-01
1.633750051259994507e-01
1.931249946355819702e-01
2.819375097751617432e-01
3.801875114440917969e-01
3.535625040531158447e-01
3.392499983310699463e-01
3.261249959468841553e-01
3.165625035762786865e-01
3.206875026226043701e-01
3.386875092983245850e-01
3.656874895095825195e-01
3.956249952316284180e-01
4.223749935626983643e-01
4.433749914169311523e-01
4.666250050067901611e-01
5.137500166893005371e-01
6.530625224113464355e-01
8.073750138282775879e-01
9.100000262260437012e-01
9.384375214576721191e-01
9.578750133514404297e-01
9.613124728202819824e-01
9.570624828338623047e-01
9.478124976158142090e-01
9.400625228881835938e-01
9.493749737739562988e-01
9.629374742507934570e-01
9.688749909400939941e-01
9.744374752044677734e-01
9.813125133514404297e-01
9.841250181198120117e-01
9.856874942779541016e-01
9.854999780654907227e-01
9.855625033378601074e-01
9.841250181198120117e-01
9.822499752044677734e-01
9.807500243186950684e-01
9.808750152587890625e-01
9.821249842643737793e-01
9.843750000000000000e-01
9.858124852180480957e-01
9.873750209808349609e-01
9.881874918937683105e-01
9.891250133514404297e-01
9.895625114440917969e-01
9.900000095367431641e-01
9.907500147819519043e-01
9.908750057220458984e-01
9.908124804496765137e-01
9.911875128746032715e-01
9.902499914169311523e-01
9.898750185966491699e-01
9.896875023841857910e-01
9.893125295639038086e-01
