1.968750059604644775e-01
2.018750011920928955e-01
2.921875119209289551e-01
4.534375071525573730e-01
4.065625071525573730e-01
4.009374976158142090e-01
3.959375023841857910e-01
3.943749964237213135e-01
3.990625143051147461e-01
4.124999940395355225e-01
4.293749928474426270e-01
4.493750035762786865e-01
4.724999964237213135e-01
5.415624976158142090e-01
6.290624737739562988e-01
7.434375286102294922e-01
8.815624713897705078e-01
9.359375238418579102e-01
9.587500095367431641e-01
9.665625095367431641e-01
9.725000262260437012e-01
9.731249809265136719e-01
9.728124737739562988e-01
9.696875214576721191e-01
9.656249880790710449e-01
9.674999713897705078e-01
9.718750119209289551e-01
9.750000238418579102e-01
9.796875119209289551e-01
9.859374761581420898e-01
9.871875047683715820e-01
9.878125190734863281e-01
9.878125190734863281e-01
9.875000119209289551e-01
9.868749976158142090e-01
9.846875071525573730e-01
9.834374785423278809e-01
9.831249713897705078e-01
9.843750000000000000e-01
9.859374761581420898e-01
9.875000119209289551e-01
9.881250262260437012e-01
9.890624880790710449e-01
9.890624880790710449e-01
9.896875023841857910e-01
9.900000095367431641e-01
9.900000095367431641e-01
9.903125166893005371e-01
9.903125166893005371e-01
9.900000095367431641e-01
9.903125166893005371e-01
9.900000095367431641e-01
9.900000095367431641e-01
9.896875023841857910e-01
