2.221875041723251343e-01
2.606250047683715820e-01
3.325000107288360596e-01
4.890624880790710449e-01
4.384374916553497314e-01
4.271875023841857910e-01
4.168750047683715820e-01
4.128125011920928955e-01
4.162499904632568359e-01
4.256249964237213135e-01
4.465624988079071045e-01
4.690625071525573730e-01
5.087500214576721191e-01
5.921875238418579102e-01
7.028124928474426270e-01
8.168749809265136719e-01
9.181249737739562988e-01
9.571874737739562988e-01
9.700000286102294922e-01
9.728124737739562988e-01
9.762499928474426270e-01
9.778125286102294922e-01
9.765625000000000000e-01
9.743750095367431641e-01
9.725000262260437012e-01
9.746875166893005371e-01
9.778125286102294922e-01
9.825000166893005371e-01
9.868749976158142090e-01
9.896875023841857910e-01
9.915624856948852539e-01
9.915624856948852539e-01
9.915624856948852539e-01
9.915624856948852539e-01
9.909374713897705078e-01
9.903125166893005371e-01
9.903125166893005371e-01
9.903125166893005371e-01
9.906250238418579102e-01
9.912499785423278809e-01
9.915624856948852539e-01
9.921875000000000000e-01
9.943749904632568359e-01
9.953125119209289551e-01
9.953125119209289551e-01
9.953125119209289551e-01
9.959375262260437012e-01
9.959375262260437012e-01
9.959375262260437012e-01
9.959375262260437012e-01
9.956250190734863281e-01
9.956250190734863281e-01
9.953125119209289551e-01
9.946874976158142090e-01
