2.009374946355819702e-01
2.490624934434890747e-01
3.162499964237213135e-01
4.712499976158142090e-01
4.281249940395355225e-01
4.193750023841857910e-01
4.106250107288360596e-01
4.103125035762786865e-01
4.171875119209289551e-01
4.309374988079071045e-01
4.562500119209289551e-01
4.728125035762786865e-01
5.068749785423278809e-01
5.781250000000000000e-01
6.628124713897705078e-01
7.840625047683715820e-01
9.024999737739562988e-01
9.484375119209289551e-01
9.631249904632568359e-01
9.687500000000000000e-01
9.734374880790710449e-01
9.746875166893005371e-01
9.712499976158142090e-01
9.693750143051147461e-01
9.681249856948852539e-01
9.700000286102294922e-01
9.746875166893005371e-01
9.800000190734863281e-01
9.834374785423278809e-01
9.868749976158142090e-01
9.881250262260437012e-01
9.884374737739562988e-01
9.884374737739562988e-01
9.871875047683715820e-01
9.859374761581420898e-01
9.856250286102294922e-01
9.850000143051147461e-01
9.853125214576721191e-01
9.862499833106994629e-01
9.871875047683715820e-01
9.890624880790710449e-01
9.900000095367431641e-01
9.912499785423278809e-01
9.928125143051147461e-01
9.931250214576721191e-01
9.934375286102294922e-01
9.940624833106994629e-01
9.940624833106994629e-01
9.943749904632568359e-01
9.943749904632568359e-01
9.937499761581420898e-01
9.937499761581420898e-01
9.931250214576721191e-01
9.925000071525573730e-01
