1.393125057220458984e-01
1.186875030398368835e-01
9.743750095367431641e-02
9.631250053644180298e-02
1.076875030994415283e-01
1.118125021457672119e-01
1.324999928474426270e-01
1.688124984502792358e-01
1.696874946355819702e-01
1.733749955892562866e-01
2.037499994039535522e-01
2.223750054836273193e-01
2.344374954700469971e-01
2.434374988079071045e-01
2.590624988079071045e-01
2.665624916553497314e-01
2.775624990463256836e-01
2.924999892711639404e-01
3.426874876022338867e-01
4.077500104904174805e-01
4.785000085830688477e-01
4.979375004768371582e-01
4.488750100135803223e-01
4.069375097751617432e-01
3.936874866485595703e-01
3.858124911785125732e-01
4.111250042915344238e-01
4.518125057220458984e-01
5.061249732971191406e-01
5.694375038146972656e-01
6.246250271797180176e-01
6.678125262260437012e-01
7.062500119209289551e-01
7.568125128746032715e-01
8.232499957084655762e-01
8.933125138282775879e-01
9.106875061988830566e-01
9.156875014305114746e-01
9.266250133514404297e-01
9.481250047683715820e-01
9.573125243186950684e-01
9.681875109672546387e-01
9.754375219345092773e-01
9.797499775886535645e-01
9.850624799728393555e-01
9.876875281333923340e-01
9.899374842643737793e-01
9.906250238418579102e-01
9.913125038146972656e-01
9.908750057220458984e-01
9.908124804496765137e-01
9.897500276565551758e-01
9.875624775886535645e-01
9.868124723434448242e-01
