2.042966127395629883e+00
2.015221595764160156e+00
1.987851262092590332e+00
1.957575201988220215e+00
1.924920558929443359e+00
1.890121936798095703e+00
1.853018164634704590e+00
1.814147233963012695e+00
1.773105978965759277e+00
1.729098200798034668e+00
1.680913209915161133e+00
1.628402233123779297e+00
1.571636795997619629e+00
1.511137366294860840e+00
1.447070956230163574e+00
1.380557298660278320e+00
1.311619758605957031e+00
1.241067767143249512e+00
1.169261217117309570e+00
1.095992326736450195e+00
1.022741436958312988e+00
9.496189951896667480e-01
8.779177069664001465e-01
8.092610836029052734e-01
7.438232302665710449e-01
6.804183125495910645e-01
6.199222803115844727e-01
5.638881921768188477e-01
5.124408602714538574e-01
4.663779139518737793e-01
4.255780875682830811e-01
3.860187828540802002e-01
3.485585749149322510e-01
3.150836825370788574e-01
2.847261428833007812e-01
2.589503526687622070e-01
2.365560680627822876e-01
2.167263627052307129e-01
1.983466148376464844e-01
1.817752271890640259e-01
1.673662960529327393e-01
1.548133045434951782e-01
1.440890282392501831e-01
1.345726996660232544e-01
1.260859817266464233e-01
1.187142282724380493e-01
1.121868863701820374e-01
1.058194711804389954e-01
9.914617240428924561e-02
9.286035597324371338e-02
8.666571974754333496e-02
8.149452507495880127e-02
7.731477171182632446e-02
7.554430514574050903e-02
