2.039953231811523438e+00
2.014273881912231445e+00
1.988302111625671387e+00
1.959517836570739746e+00
1.928149223327636719e+00
1.894327402114868164e+00
1.858060479164123535e+00
1.820420503616333008e+00
1.780361771583557129e+00
1.737185001373291016e+00
1.689568042755126953e+00
1.637704968452453613e+00
1.581660509109497070e+00
1.521910548210144043e+00
1.458780050277709961e+00
1.393301248550415039e+00
1.325028061866760254e+00
1.254806399345397949e+00
1.182594418525695801e+00
1.108933448791503906e+00
1.034400582313537598e+00
9.608888030052185059e-01
8.896251916885375977e-01
8.216583728790283203e-01
7.575408220291137695e-01
6.952565908432006836e-01
6.348753571510314941e-01
5.788602828979492188e-01
5.267977714538574219e-01
4.800082147121429443e-01
4.381070733070373535e-01
3.980262279510498047e-01
3.606370091438293457e-01
3.272585272789001465e-01
2.984240055084228516e-01
2.739703655242919922e-01
2.531041502952575684e-01
2.342038005590438843e-01
2.154000997543334961e-01
1.974007040262222290e-01
1.817053407430648804e-01
1.679305136203765869e-01
1.557319760322570801e-01
1.452619582414627075e-01
1.361133903264999390e-01
1.279568821191787720e-01
1.205471605062484741e-01
1.139284521341323853e-01
1.076066270470619202e-01
1.015362739562988281e-01
9.647674858570098877e-02
9.224367886781692505e-02
8.885768800973892212e-02
8.755806833505630493e-02
