2.079549312591552734e+00
2.079504251480102539e+00
2.079450368881225586e+00
2.079389095306396484e+00
2.079324722290039062e+00
2.079219102859497070e+00
2.078939437866210938e+00
2.078482389450073242e+00
2.077905416488647461e+00
2.077081680297851562e+00
2.075978279113769531e+00
2.074401617050170898e+00
2.072103500366210938e+00
2.068873405456542969e+00
2.064486980438232422e+00
2.058571577072143555e+00
2.051166772842407227e+00
2.041831254959106445e+00
2.030476331710815430e+00
2.016638755798339844e+00
2.000440597534179688e+00
1.981747388839721680e+00
1.960474252700805664e+00
1.936860680580139160e+00
1.910907983779907227e+00
1.882788658142089844e+00
1.852079749107360840e+00
1.818859815597534180e+00
1.783567309379577637e+00
1.745872616767883301e+00
1.705542922019958496e+00
1.662887215614318848e+00
1.617278456687927246e+00
1.567619442939758301e+00
1.513641119003295898e+00
1.457213163375854492e+00
1.397653102874755859e+00
1.335045576095581055e+00
1.269043684005737305e+00
1.199833393096923828e+00
1.129042744636535645e+00
1.057932138442993164e+00
9.878795742988586426e-01
9.186024069786071777e-01
8.514973521232604980e-01
7.873345017433166504e-01
7.260141372680664062e-01
6.693175435066223145e-01
6.140788197517395020e-01
5.599377155303955078e-01
5.060417056083679199e-01
4.586067497730255127e-01
4.174955785274505615e-01
3.994166553020477295e-01
