2.080560445785522461e+00
2.080453872680664062e+00
2.080347061157226562e+00
2.080134868621826172e+00
2.079954862594604492e+00
2.079871177673339844e+00
2.079680442810058594e+00
2.079402685165405273e+00
2.078996658325195312e+00
2.078463077545166016e+00
2.077658891677856445e+00
2.076260328292846680e+00
2.074277400970458984e+00
2.071757316589355469e+00
2.068173170089721680e+00
2.063465118408203125e+00
2.057014703750610352e+00
2.048837184906005859e+00
2.038394212722778320e+00
2.025548934936523438e+00
2.009711503982543945e+00
1.991243839263916016e+00
1.969905018806457520e+00
1.945836901664733887e+00
1.919058084487915039e+00
1.889111995697021484e+00
1.856504321098327637e+00
1.821035385131835938e+00
1.782568573951721191e+00
1.741568803787231445e+00
1.698122262954711914e+00
1.652611374855041504e+00
1.604221105575561523e+00
1.552301406860351562e+00
1.496698379516601562e+00
1.437052488327026367e+00
1.374339342117309570e+00
1.309179544448852539e+00
1.241692662239074707e+00
1.171926975250244141e+00
1.099746823310852051e+00
1.027413845062255859e+00
9.557159543037414551e-01
8.858615159988403320e-01
8.163368105888366699e-01
7.480211853981018066e-01
6.837656497955322266e-01
6.224298477172851562e-01
5.665268301963806152e-01
5.119168758392333984e-01
4.598501622676849365e-01
4.116449952125549316e-01
3.716179132461547852e-01
3.368125855922698975e-01
3.218728601932525635e-01
