2.042391777038574219e+00
2.014728069305419922e+00
1.987484693527221680e+00
1.957464098930358887e+00
1.925063729286193848e+00
1.890328645706176758e+00
1.853200078010559082e+00
1.814383387565612793e+00
1.772986173629760742e+00
1.728453397750854492e+00
1.679710745811462402e+00
1.626820802688598633e+00
1.570046663284301758e+00
1.509758591651916504e+00
1.446175694465637207e+00
1.380368947982788086e+00
1.312365412712097168e+00
1.242654442787170410e+00
1.171356916427612305e+00
1.097994208335876465e+00
1.024262785911560059e+00
9.509851932525634766e-01
8.796609640121459961e-01
8.113452792167663574e-01
7.463297247886657715e-01
6.832953095436096191e-01
6.224007606506347656e-01
5.660697221755981445e-01
5.143614411354064941e-01
4.684287011623382568e-01
4.279483854770660400e-01
3.886499106884002686e-01
3.514152169227600098e-01
3.182127475738525391e-01
2.881394624710083008e-01
2.625125646591186523e-01
2.404830306768417358e-01
2.207473367452621460e-01
2.022025287151336670e-01
1.852487027645111084e-01
1.706577837467193604e-01
1.580031663179397583e-01
1.467635482549667358e-01
1.369268298149108887e-01
1.280761361122131348e-01
1.202120482921600342e-01
1.133109256625175476e-01
1.068082749843597412e-01
1.002122238278388977e-01
9.393361955881118774e-02
8.822792768478393555e-02
8.360569924116134644e-02
7.989022880792617798e-02
7.841007411479949951e-02
