3.423125147819519043e-01
5.331249833106994629e-01
5.726249814033508301e-01
5.995625257492065430e-01
7.013750076293945312e-01
7.655000090599060059e-01
7.989374995231628418e-01
8.189374804496765137e-01
8.240000009536743164e-01
8.358749747276306152e-01
8.470625281333923340e-01
8.443124890327453613e-01
8.438125252723693848e-01
8.623124957084655762e-01
9.146875143051147461e-01
9.497500061988830566e-01
9.678124785423278809e-01
9.827499985694885254e-01
9.854375123977661133e-01
9.861875176429748535e-01
9.882500171661376953e-01
9.877499938011169434e-01
9.831874966621398926e-01
9.775624871253967285e-01
9.751874804496765137e-01
9.781249761581420898e-01
9.856874942779541016e-01
9.895625114440917969e-01
9.912499785423278809e-01
9.921249747276306152e-01
9.925000071525573730e-01
9.924374818801879883e-01
9.917500019073486328e-01
9.913750290870666504e-01
9.911249876022338867e-01
9.911875128746032715e-01
9.910625219345092773e-01
9.906250238418579102e-01
9.910625219345092773e-01
9.921249747276306152e-01
9.926875233650207520e-01
9.928749799728393555e-01
9.938125014305114746e-01
9.940000176429748535e-01
9.940624833106994629e-01
9.943749904632568359e-01
9.947500228881835938e-01
9.947500228881835938e-01
9.947500228881835938e-01
9.947500228881835938e-01
9.946249723434448242e-01
9.940624833106994629e-01
9.934375286102294922e-01
9.929999709129333496e-01
