1.962500065565109253e-01
3.131250143051147461e-01
3.953124880790710449e-01
4.506250023841857910e-01
4.646874964237213135e-01
5.246875286102294922e-01
5.778124928474426270e-01
6.299999952316284180e-01
6.800000071525573730e-01
6.959375143051147461e-01
7.071874737739562988e-01
7.184374928474426270e-01
7.340624928474426270e-01
7.678124904632568359e-01
7.987499833106994629e-01
8.421875238418579102e-01
8.915625214576721191e-01
9.156249761581420898e-01
9.334375262260437012e-01
9.493749737739562988e-01
9.593750238418579102e-01
9.662500023841857910e-01
9.656249880790710449e-01
9.659374952316284180e-01
9.731249809265136719e-01
9.815624952316284180e-01
9.878125190734863281e-01
9.906250238418579102e-01
9.912499785423278809e-01
9.925000071525573730e-01
9.918749928474426270e-01
9.906250238418579102e-01
9.893749952316284180e-01
9.893749952316284180e-01
9.887499809265136719e-01
9.896875023841857910e-01
9.900000095367431641e-01
9.909374713897705078e-01
9.921875000000000000e-01
9.931250214576721191e-01
9.928125143051147461e-01
9.925000071525573730e-01
9.918749928474426270e-01
9.928125143051147461e-01
9.934375286102294922e-01
9.943749904632568359e-01
9.946874976158142090e-01
9.946874976158142090e-01
9.950000047683715820e-01
9.946874976158142090e-01
9.943749904632568359e-01
9.931250214576721191e-01
9.921875000000000000e-01
9.915624856948852539e-01
