2.240625023841857910e-01
3.256250023841857910e-01
3.925000131130218506e-01
4.543749988079071045e-01
4.746874868869781494e-01
5.378124713897705078e-01
6.059374809265136719e-01
6.600000262260437012e-01
7.068750262260437012e-01
7.168750166893005371e-01
7.300000190734863281e-01
7.400000095367431641e-01
7.587500214576721191e-01
7.903125286102294922e-01
8.193749785423278809e-01
8.606250286102294922e-01
8.971874713897705078e-01
9.206249713897705078e-01
9.399999976158142090e-01
9.568750262260437012e-01
9.681249856948852539e-01
9.753124713897705078e-01
9.759374856948852539e-01
9.771875143051147461e-01
9.793750047683715820e-01
9.825000166893005371e-01
9.862499833106994629e-01
9.884374737739562988e-01
9.890624880790710449e-01
9.900000095367431641e-01
9.896875023841857910e-01
9.890624880790710449e-01
9.881250262260437012e-01
9.875000119209289551e-01
9.875000119209289551e-01
9.878125190734863281e-01
9.887499809265136719e-01
9.896875023841857910e-01
9.903125166893005371e-01
9.903125166893005371e-01
9.903125166893005371e-01
9.900000095367431641e-01
9.896875023841857910e-01
9.909374713897705078e-01
9.915624856948852539e-01
9.918749928474426270e-01
9.925000071525573730e-01
9.931250214576721191e-01
9.931250214576721191e-01
9.928125143051147461e-01
9.918749928474426270e-01
9.915624856948852539e-01
9.912499785423278809e-01
9.909374713897705078e-01
