2.206249982118606567e-01
3.271875083446502686e-01
3.734374940395355225e-01
4.243749976158142090e-01
4.412499964237213135e-01
4.993749856948852539e-01
5.637500286102294922e-01
6.356250047683715820e-01
6.949999928474426270e-01
7.062500119209289551e-01
7.181249856948852539e-01
7.262499928474426270e-01
7.509375214576721191e-01
7.875000238418579102e-01
8.153125047683715820e-01
8.603125214576721191e-01
8.934375047683715820e-01
9.206249713897705078e-01
9.381250143051147461e-01
9.543750286102294922e-01
9.628124833106994629e-01
9.721875190734863281e-01
9.725000262260437012e-01
9.731249809265136719e-01
9.756249785423278809e-01
9.793750047683715820e-01
9.834374785423278809e-01
9.850000143051147461e-01
9.856250286102294922e-01
9.862499833106994629e-01
9.868749976158142090e-01
9.875000119209289551e-01
9.871875047683715820e-01
9.865624904632568359e-01
9.862499833106994629e-01
9.865624904632568359e-01
9.878125190734863281e-01
9.881250262260437012e-01
9.881250262260437012e-01
9.887499809265136719e-01
9.890624880790710449e-01
9.900000095367431641e-01
9.903125166893005371e-01
9.909374713897705078e-01
9.912499785423278809e-01
9.921875000000000000e-01
9.921875000000000000e-01
9.925000071525573730e-01
9.925000071525573730e-01
9.925000071525573730e-01
9.921875000000000000e-01
9.918749928474426270e-01
9.918749928474426270e-01
9.918749928474426270e-01
