2.287500053644180298e-01
2.834374904632568359e-01
3.412500023841857910e-01
4.393750131130218506e-01
4.709374904632568359e-01
5.390625000000000000e-01
6.090624928474426270e-01
6.696875095367431641e-01
7.115625143051147461e-01
7.184374928474426270e-01
7.334374785423278809e-01
7.640625238418579102e-01
8.025000095367431641e-01
8.459374904632568359e-01
8.734375238418579102e-01
9.040625095367431641e-01
9.225000143051147461e-01
9.390624761581420898e-01
9.515625238418579102e-01
9.646875262260437012e-01
9.718750119209289551e-01
9.787499904632568359e-01
9.790624976158142090e-01
9.787499904632568359e-01
9.809374809265136719e-01
9.837499856948852539e-01
9.859374761581420898e-01
9.871875047683715820e-01
9.878125190734863281e-01
9.881250262260437012e-01
9.871875047683715820e-01
9.881250262260437012e-01
9.884374737739562988e-01
9.881250262260437012e-01
9.881250262260437012e-01
9.884374737739562988e-01
9.890624880790710449e-01
9.881250262260437012e-01
9.893749952316284180e-01
9.896875023841857910e-01
9.900000095367431641e-01
9.900000095367431641e-01
9.909374713897705078e-01
9.921875000000000000e-01
9.925000071525573730e-01
9.931250214576721191e-01
9.934375286102294922e-01
9.943749904632568359e-01
9.943749904632568359e-01
9.940624833106994629e-01
9.931250214576721191e-01
9.928125143051147461e-01
9.925000071525573730e-01
9.918749928474426270e-01
