1.120000034570693970e-01
3.440000116825103760e-01
4.979999959468841553e-01
5.680000185966491699e-01
6.000000238418579102e-01
6.919999718666076660e-01
7.779999971389770508e-01
7.839999794960021973e-01
7.979999780654907227e-01
8.199999928474426270e-01
8.360000252723693848e-01
8.320000171661376953e-01
8.399999737739562988e-01
8.460000157356262207e-01
8.619999885559082031e-01
8.999999761581420898e-01
9.279999732971191406e-01
9.459999799728393555e-01
9.660000205039978027e-01
9.779999852180480957e-01
9.819999933242797852e-01
9.860000014305114746e-01
9.879999756813049316e-01
9.879999756813049316e-01
9.900000095367431641e-01
9.879999756813049316e-01
9.900000095367431641e-01
9.900000095367431641e-01
9.900000095367431641e-01
9.919999837875366211e-01
9.919999837875366211e-01
9.940000176429748535e-01
9.959999918937683105e-01
9.959999918937683105e-01
9.940000176429748535e-01
9.940000176429748535e-01
9.940000176429748535e-01
9.940000176429748535e-01
9.940000176429748535e-01
9.940000176429748535e-01
9.940000176429748535e-01
9.940000176429748535e-01
9.959999918937683105e-01
9.959999918937683105e-01
9.959999918937683105e-01
9.959999918937683105e-01
9.959999918937683105e-01
9.980000257492065430e-01
9.959999918937683105e-01
9.959999918937683105e-01
9.980000257492065430e-01
9.980000257492065430e-01
9.980000257492065430e-01
9.980000257492065430e-01
9.959999918937683105e-01
