1.933827877044677734e+00
1.826747417449951172e+00
1.756147503852844238e+00
1.685647130012512207e+00
1.608074665069580078e+00
1.531969308853149414e+00
1.457330703735351562e+00
1.383499264717102051e+00
1.314302921295166016e+00
1.243377208709716797e+00
1.171301722526550293e+00
1.101341724395751953e+00
1.038052320480346680e+00
9.777312278747558594e-01
9.164277315139770508e-01
8.581061959266662598e-01
8.049752712249755859e-01
7.545261979103088379e-01
7.083963751792907715e-01
6.652224063873291016e-01
6.253725290298461914e-01
5.858422517776489258e-01
5.516577363014221191e-01
5.217823982238769531e-01
4.929348528385162354e-01
4.632909595966339111e-01
4.334717690944671631e-01
4.090426564216613770e-01
3.865420222282409668e-01
3.653681874275207520e-01
3.458523154258728027e-01
3.258454203605651855e-01
3.044854700565338135e-01
2.864813804626464844e-01
2.709342539310455322e-01
2.567801177501678467e-01
2.445096671581268311e-01
2.324021011590957642e-01
2.192476093769073486e-01
2.061637043952941895e-01
1.952541470527648926e-01
1.860910952091217041e-01
1.777502596378326416e-01
1.694019585847854614e-01
1.613506674766540527e-01
1.536245048046112061e-01
1.469388902187347412e-01
1.405601799488067627e-01
1.343618631362915039e-01
1.287858039140701294e-01
1.233741641044616699e-01
1.180496737360954285e-01
1.133821457624435425e-01
1.115501075983047485e-01
