2.071461439132690430e+00
1.967810630798339844e+00
1.870565772056579590e+00
1.775265097618103027e+00
1.684761047363281250e+00
1.596842169761657715e+00
1.513428211212158203e+00
1.435101747512817383e+00
1.363994121551513672e+00
1.295190691947937012e+00
1.224408984184265137e+00
1.153896331787109375e+00
1.085604429244995117e+00
1.021938562393188477e+00
9.594979286193847656e-01
9.001144170761108398e-01
8.452041745185852051e-01
7.935071587562561035e-01
7.420955896377563477e-01
6.917937397956848145e-01
6.437034010887145996e-01
5.959000587463378906e-01
5.529796481132507324e-01
5.159710049629211426e-01
4.813560843467712402e-01
4.472585916519165039e-01
4.184578657150268555e-01
3.941937983036041260e-01
3.704064488410949707e-01
3.461539745330810547e-01
3.202686309814453125e-01
2.955038249492645264e-01
2.743626534938812256e-01
2.566869854927062988e-01
2.411787211894989014e-01
2.271811515092849731e-01
2.148506343364715576e-01
2.045164257287979126e-01
1.947687864303588867e-01
1.847715824842453003e-01
1.733776479959487915e-01
1.628674566745758057e-01
1.539716571569442749e-01
1.462781280279159546e-01
1.402488946914672852e-01
1.350241899490356445e-01
1.301264911890029907e-01
1.255551576614379883e-01
1.200849786400794983e-01
1.135771274566650391e-01
1.067145615816116333e-01
1.012995913624763489e-01
9.697856009006500244e-02
9.515833109617233276e-02
