2.075020551681518555e+00
1.965834856033325195e+00
1.866405487060546875e+00
1.773980855941772461e+00
1.686595201492309570e+00
1.601501464843750000e+00
1.521352291107177734e+00
1.444225311279296875e+00
1.372280001640319824e+00
1.303047299385070801e+00
1.232521533966064453e+00
1.163137793540954590e+00
1.096569061279296875e+00
1.035144567489624023e+00
9.728226661682128906e-01
9.116322994232177734e-01
8.542144298553466797e-01
8.004280328750610352e-01
7.487205266952514648e-01
6.989523172378540039e-01
6.519199609756469727e-01
6.061044931411743164e-01
5.659987926483154297e-01
5.301918983459472656e-01
4.946832358837127686e-01
4.567494690418243408e-01
4.229584932327270508e-01
3.949538171291351318e-01
3.689795732498168945e-01
3.436737358570098877e-01
3.187098503112792969e-01
2.958180606365203857e-01
2.761136293411254883e-01
2.592999339103698730e-01
2.437046617269515991e-01
2.284327298402786255e-01
2.144738584756851196e-01
2.025613188743591309e-01
1.915551722049713135e-01
1.812029480934143066e-01
1.707225590944290161e-01
1.612555682659149170e-01
1.528458893299102783e-01
1.453285813331604004e-01
1.387522965669631958e-01
1.329903751611709595e-01
1.276146322488784790e-01
1.226394549012184143e-01
1.173143684864044189e-01
1.117450594902038574e-01
1.062207221984863281e-01
1.012760847806930542e-01
9.760566800832748413e-02
9.631466120481491089e-02
