2.076028108596801758e+00
1.930529832839965820e+00
1.812180399894714355e+00
1.732844233512878418e+00
1.654246330261230469e+00
1.574557304382324219e+00
1.496744036674499512e+00
1.419841766357421875e+00
1.340360999107360840e+00
1.267159819602966309e+00
1.192224979400634766e+00
1.116899967193603516e+00
1.043336629867553711e+00
9.752261638641357422e-01
9.098791480064392090e-01
8.455725312232971191e-01
7.852126955986022949e-01
7.326527833938598633e-01
6.829279661178588867e-01
6.380277276039123535e-01
5.952882170677185059e-01
5.565264225006103516e-01
5.179661512374877930e-01
4.829325079917907715e-01
4.510944485664367676e-01
4.204954802989959717e-01
3.909813761711120605e-01
3.631311953067779541e-01
3.403651118278503418e-01
3.197257518768310547e-01
3.013382852077484131e-01
2.843844294548034668e-01
2.661979198455810547e-01
2.466409057378768921e-01
2.298340052366256714e-01
2.138410210609436035e-01
1.991709172725677490e-01
1.864867806434631348e-01
1.751611530780792236e-01
1.645064651966094971e-01
1.548952609300613403e-01
1.470331847667694092e-01
1.401924192905426025e-01
1.335654407739639282e-01
1.264735162258148193e-01
1.194434612989425659e-01
1.123678013682365417e-01
1.062511131167411804e-01
1.006297618150711060e-01
9.520109742879867554e-02
9.037309885025024414e-02
8.610455691814422607e-02
8.264356106519699097e-02
7.965888828039169312e-02
7.852957397699356079e-02
