2.077304601669311523e+00
1.964451313018798828e+00
1.863667607307434082e+00
1.771517038345336914e+00
1.683771371841430664e+00
1.597752213478088379e+00
1.517307639122009277e+00
1.437846779823303223e+00
1.363111734390258789e+00
1.292521357536315918e+00
1.222403526306152344e+00
1.155219197273254395e+00
1.092665553092956543e+00
1.033677577972412109e+00
9.715168476104736328e-01
9.083496928215026855e-01
8.492608666419982910e-01
7.928463220596313477e-01
7.394973635673522949e-01
6.883774399757385254e-01
6.417633295059204102e-01
5.986083149909973145e-01
5.610236525535583496e-01
5.259839892387390137e-01
4.903513789176940918e-01
4.510279595851898193e-01
4.152946472167968750e-01
3.856529295444488525e-01
3.588442206382751465e-01
3.340773880481719971e-01
3.109901845455169678e-01
2.902331650257110596e-01
2.722184062004089355e-01
2.567281723022460938e-01
2.411297261714935303e-01
2.245622575283050537e-01
2.091045528650283813e-01
1.959495097398757935e-01
1.844150722026824951e-01
1.741101443767547607e-01
1.647413223981857300e-01
1.565574705600738525e-01
1.488353013992309570e-01
1.411597281694412231e-01
1.338336467742919922e-01
1.275462657213211060e-01
1.219035312533378601e-01
1.165510267019271851e-01
1.111100465059280396e-01
1.059859246015548706e-01
1.014641225337982178e-01
9.780252724885940552e-02
9.507846087217330933e-02
9.419808536767959595e-02
